image_width: 1280
image_height: 960
camera_name: 19126195
camera_matrix:
  rows: 3
  cols: 3
  data: [804.4590464316842, 0, 641.7152793971792, 0, 808.1204231899233, 533.4489015852519, 0, 0, 1]
distortion_model: plumb_bob
distortion_coefficients:
  rows: 1
  cols: 5
  data: [-0.3189540733793087, 0.09159792995266106, -0.0008478329011333202, 0.0009824601930156559, 0]
rectification_matrix:
  rows: 3
  cols: 3
  data: [0.9999531616590004, 0.007247717915732042, 0.006414442546540803, -0.007336972436309851, 0.9998750453775965, 0.01400223077292785, -0.006312156813461315, -0.01404863751982642, 0.999881389195838]
projection_matrix:
  rows: 3
  cols: 4
  data: [731.507661277851, 0, 641.180046081543, -368.9674288636009, 0, 731.507661277851, 517.2565231323242, 0, 0, 0, 1, 0]