image_width: 1280
image_height: 960
camera_name: 19126189
camera_matrix:
  rows: 3
  cols: 3
  data: [799.3162316293211, 0, 665.9996299005235, 0, 802.4198821671187, 516.2981215099745, 0, 0, 1]
distortion_model: plumb_bob
distortion_coefficients:
  rows: 1
  cols: 5
  data: [-0.3268528793340784, 0.09875066905028734, -0.001055398446147809, 0.0004601560782789771, 0]
rectification_matrix:
  rows: 3
  cols: 3
  data: [0.999875770975887, 0.005507313894604983, 0.01476861906347405, -0.005299626989155219, 0.999887036085842, -0.01406517050186023, -0.01484441205139282, 0.01398515502727346, 0.9997920078044792]
projection_matrix:
  rows: 3
  cols: 4
  data: [731.507661277851, 0, 641.180046081543, 0, 0, 731.507661277851, 517.2565231323242, 0, 0, 0, 1, 0]